0007
0017
0045
0046
0049
0054
0062
0071
0074
0081
0085
0103
0109
0111
0113
0118
0126
0132
0134
0135
0137
0142
0143
0148
0151
0155
0166
0168
0178
0184
0190
0191
0196
0201
0214
0215
0216
0244
0248
0261
0265
0278
0280
0283
0295
0296
0299
0307
0318
0328
0332
0333
0334
0335
0352
0356
0366
0376
0378
0379
0384
0395
0402
0403
0405
0406
0410
0426
0435
0439
0441
0452
0460
0493
0494
0497
0499
0503
0510
0511
0517
0532
0539
0546
0550
0560
0566
0579
0583
0595
0597
0602
0617
0622
0635
0656
0660
0661
0662
0672
0678
0681
0698
0699
0704
0715
0717
0747
0753
0757
0764
0765
0771
0781
0796
0805
0806
0816
0832
0847
0880
0889
0914
0928
0933
0942
0946
0948
0952
0966
0981
0986
0999
1011
1014
1019
1023
1027
1033
1038
1045
1046
1049
1056
1059
1079
1093
1097
1098
1109
